2024/02/12 19:04
プロジェクトの翻訳状況

            	 分節数	  単語数	文字数（空白を除く）	文字数（空白を含む）	ファイル数	
合計：         	1337	14868	     78684	     91690	    7	
未翻訳：        	1327	14743	     78007	     90905	    7	
繰り返しを除いた：   	1267	14087	     73994	     86430	    7	
繰り返しを除いた未翻訳：	1257	13962	     73317	     85645	    7	


ファイルごとの翻訳状況：

ファイル名           	すべての分節数	未翻訳分節数	繰り返しを除いた分節数	繰り返しを除いた未翻訳分節数	すべての単語数	未翻訳単語数	繰り返しを除いた単語数	繰り返しを除いた未翻訳単語数	すべての文字数（空白を除く）	未翻訳文字数（空白を除く）	繰り返しを除いた文字数（空白を除く）	繰り返しを除いた未翻訳文字数（空白を除く）	すべての文字数（空白を含む）	未翻訳文字数（空白を含む）	繰り返しを除いた文字数（空白を含む）	繰り返しを除いた未翻訳文字数（空白を含む）	
configuration.po	     81	    81	         81	            81	   1312	  1312	       1312	          1312	          6940	         6940	              6940	                 6940	          8106	         8106	              8106	                 8106	
index.po        	     18	    18	         17	            17	    284	   284	        239	           239	          1800	         1800	              1443	                 1443	          2020	         2020	              1642	                 1642	
installation.po 	     41	    41	         40	            40	    609	   609	        564	           564	          3279	         3279	              2922	                 2922	          3798	         3798	              3420	                 3420	
manpages.po     	    955	   945	        891	           881	   9292	  9167	       8741	          8616	         49067	        48390	             46185	                45508	         57193	        56408	             53850	                53065	
reference.po    	    123	   123	        121	           121	   1327	  1327	       1277	          1277	          6802	         6802	              6422	                 6422	          7941	         7941	              7536	                 7536	
running.po      	    106	   106	        105	           105	   1836	  1836	       1791	          1791	          9622	         9622	              9265	                 9265	         11288	        11288	             10910	                10910	
zonefile.po     	     13	    13	         12	            12	    208	   208	        163	           163	          1174	         1174	               817	                  817	          1344	         1344	               966	                  966	
